Pi: 0.245588 0.232219 0.205494 0.316699
S: 0.0481442  0.302843 0.0668061 0.0128861  0.559232 0.0100885
