Pi: 0.286118 0.271379 0.146153 0.296351
S:   0.236023   0.154081  0.0852333  0.0207607   0.496003 0.00789939
