
Alignment summary:
camel_dromedary: A=335 C=315 G=170 T=320
dolphin: A=350 C=336 G=144 T=310
giant_sperm_whale: A=353 C=365 G=144 T=278
bowhead_whale: A=340 C=357 G=149 T=294
fin_whale: A=344 C=356 G=149 T=291
blue_whale: A=341 C=351 G=153 T=295
hippo: A=340 C=367 G=157 T=276
pig: A=359 C=328 G=150 T=303
cow: A=356 C=344 G=153 T=287
sheep: A=359 C=322 G=148 T=311
goat: A=365 C=331 G=146 T=298
giraffe: A=357 C=327 G=149 T=307
chevrotain: A=335 C=325 G=172 T=308

Seed = 1592881844

Jukes-Cantor Distance Matrix:

       0 0.255695 0.269388  0.25693 0.260645 0.263133 0.244674 0.244674  0.24346 0.261888  0.24833 0.242247 0.269388
0.255695        0 0.197563 0.160807 0.176181 0.170654 0.224289 0.223107 0.238621 0.227847 0.244674 0.241036 0.270646
0.269388 0.197563        0 0.170654 0.162984 0.180632 0.238621  0.24346 0.237416 0.271905 0.265629 0.253232  0.27443
 0.25693 0.160807 0.170654        0 0.121631 0.123697 0.224289 0.237416 0.221927 0.236213 0.218398 0.210226 0.245891
0.260645 0.176181 0.162984 0.121631        0 0.081461 0.220749 0.218398 0.230228 0.217225 0.217225 0.211388 0.245891
0.263133 0.170654 0.180632 0.123697 0.081461        0 0.223107 0.212552 0.230228 0.231421 0.217225 0.226659 0.259405
0.244674 0.224289 0.238621 0.224289 0.220749 0.223107        0 0.230228 0.217225 0.231421 0.225473 0.230228  0.24833
0.244674 0.223107  0.24346 0.237416 0.218398 0.212552 0.230228        0 0.226659 0.216054 0.206752 0.206752 0.223107
 0.24346 0.238621 0.237416 0.221927 0.230228 0.230228 0.217225 0.226659        0 0.186234 0.156472 0.162984 0.219572
0.261888 0.227847 0.271905 0.236213 0.217225 0.231421 0.231421 0.216054 0.186234        0 0.105304 0.160807 0.214885
 0.24833 0.244674 0.265629 0.218398 0.217225 0.217225 0.225473 0.206752 0.156472 0.105304        0 0.154314 0.211388
0.242247 0.241036 0.253232 0.210226 0.211388 0.226659 0.230228 0.206752 0.162984 0.160807 0.154314        0 0.211388
0.269388 0.270646  0.27443 0.245891 0.245891 0.259405  0.24833 0.223107 0.219572 0.214885 0.211388 0.211388        0


JC Tree topology:
(1,((2,(3,(4,(5,6)))),7),(8,((9,((10,11),12)),13)));

Putting MLE Branch Lengths
p: 0.305938 0.298516 0.133873 0.261673
s:  0.251383  0.172152   0.10147 0.0315811  0.425749  0.017665
Q: 
-0.858025   0.41084  0.281351  0.165834
 0.421055  -1.18706 0.0528969   0.71311
 0.642967  0.117951 -0.826896 0.0659768
 0.193887  0.813512  0.033754  -1.04115

((7:0.1150229,(((13:0.1402555,(9:0.0858674,((10:0.0642310,11:0.0419749):0.0375305,12:0.0824805):0.0157181):0.0288826):0.0244966,8:0.1127626):0.0194949,1:0.1558051):0.0177158):0.0456794,(3:0.1054406,(4:0.0628380,(6:0.0428967,5:0.0380602):0.0268772):0.0213741):0.0191872,2:0.0944410);
Seed = 1051710486
Seeds per chain: 
     4238429049
      256635262
     2399056099
     1431799616
stationary acceptance: 0.0132378
symmetric acceptance: 0.0123535
branch length acceptance: 0.0264708
avgP: 0.253911 0.243159 0.161842 0.341088
sP: 9.11723e-05 7.87064e-05 6.52716e-05 0.000108789
avgS:   0.197921   0.190855  0.0616056  0.0150287   0.530926 0.00366334
sS: 0.000117444  0.00013611  6.8318e-05  1.5166e-05 0.000223561 6.47573e-06
0.253911 0.243159 0.161842 0.341088
  0.197921   0.190855  0.0616056  0.0150287   0.530926 0.00366334

 -0.886891   0.389746   0.375831   0.121313
  0.406979   -1.52961   0.030903    1.09172
  0.589636  0.0464302  -0.647384  0.0113177
 0.0903075   0.778282 0.00537007   -0.87396

stationary acceptance: 0.147912
symmetric acceptance: 0.156419
branch length acceptance: 0.334668
avgP: 0.253921   0.2432 0.161814 0.341066
sP: 9.08575e-05 7.91212e-05 6.51656e-05 0.000108563
avgS:   0.197885   0.190806  0.0616116  0.0150166   0.531017 0.00366348
sS: 0.000116021 0.000135642 6.73873e-05 1.50079e-05 0.000218596 6.40218e-06
0.253921   0.2432 0.161814 0.341066
  0.197885   0.190806  0.0616116  0.0150166   0.531017 0.00366348

   -0.8867   0.389659    0.37572   0.121321
  0.406836   -1.52944   0.030873    1.09173
  0.589585  0.0464008  -0.647306    0.01132
 0.0903222   0.778468 0.00537064  -0.874161

stationary acceptance: 0.0218687
symmetric acceptance: 0.0254398
branch length acceptance: 0.0460328
avgP: 0.253865  0.24315 0.161809 0.341177
sP: 9.06033e-05  7.8181e-05 6.47911e-05 0.000109263
avgS:   0.197853   0.190815  0.0616405  0.0150261   0.530998 0.00366683
sS: 0.000116099 0.000135993 6.74861e-05 1.50602e-05 0.000220372 6.39793e-06
0.253865  0.24315 0.161809 0.341177
  0.197853   0.190815  0.0616405  0.0150261   0.530998 0.00366683

 -0.886905   0.389681    0.37582   0.121404
  0.406854   -1.52967  0.0308989    1.09192
  0.589633  0.0464318  -0.647395  0.0113308
 0.0903352   0.778187 0.00537381  -0.873896

stationary acceptance: 0.0674217
symmetric acceptance: 0.068895
branch length acceptance: 0.152194
avgP: 0.253957 0.243145 0.161858  0.34104
sP: 9.26245e-05 7.80931e-05 6.45798e-05 0.000110255
avgS:   0.197827   0.190861   0.061615  0.0150262   0.530995 0.00367541
sS: 0.000114476  0.00013468 6.80331e-05 1.50098e-05 0.000220278 6.48381e-06
0.253957 0.243145 0.161858  0.34104
  0.197827   0.190861   0.061615  0.0150262   0.530995 0.00367541

 -0.886572   0.389489   0.375773    0.12131
  0.406809   -1.52964  0.0308997    1.09193
  0.589595  0.0464181  -0.647367  0.0113538
 0.0903341   0.778494 0.00538853  -0.874217

stationary acceptance: 0.00342887
symmetric acceptance: 0.0025263
branch length acceptance: 0.00898098
avgP:  0.25472 0.244535 0.161431 0.339314
sP: 8.42262e-05 9.26064e-05 8.89042e-05 0.000113209
avgS:   0.198722   0.186877  0.0624408  0.0154256    0.53278 0.00375528
sS: 9.95348e-05 0.000162333 7.10657e-05 2.18922e-05 0.000268463 6.60878e-06
 0.25472 0.244535 0.161431 0.339314
  0.198722   0.186877  0.0624408  0.0154256    0.53278 0.00375528

 -0.879475    0.39008   0.366828   0.122568
  0.406326   -1.52724  0.0315406    1.08937
  0.578813  0.0477776  -0.638221  0.0116312
 0.0920103   0.785084 0.00553364  -0.882628

stationary acceptance: 0.163515
symmetric acceptance: 0.171929
branch length acceptance: 0.357022
avgP: 0.254965 0.244603 0.161324 0.339108
sP: 8.60506e-05 9.46594e-05 8.88777e-05 0.000114579
avgS:   0.198573   0.187021  0.0622387  0.0154452   0.533007 0.00371554
sS: 9.87383e-05 0.000159969 7.07643e-05 2.14333e-05 0.000272746 6.61568e-06
0.254965 0.244603 0.161324 0.339108
  0.198573   0.187021  0.0622387  0.0154452   0.533007 0.00371554

 -0.878224   0.389413   0.366758   0.122053
   0.40591   -1.52702   0.031572    1.08953
  0.579642  0.0478701  -0.639027  0.0115158
 0.0917683   0.785896 0.00547841  -0.883142

stationary acceptance: 0.0908151
symmetric acceptance: 0.101586
branch length acceptance: 0.223716
avgP: 0.254917  0.24469 0.161233 0.339159
sP: 8.68673e-05 9.54742e-05 8.92493e-05 0.000114863
avgS:   0.198574   0.186955  0.0621902  0.0154296   0.533151 0.00370132
sS: 9.80292e-05 0.000158621 7.09054e-05 2.14772e-05 0.000273235 6.56491e-06
0.254917  0.24469 0.161233 0.339159
  0.198574   0.186955  0.0621902  0.0154296   0.533151 0.00370132

 -0.878165   0.389487   0.366697   0.121981
  0.405765   -1.52673  0.0315288    1.08944
  0.579763  0.0478486   -0.63909  0.0114781
 0.0916829   0.785989 0.00545661  -0.883128

stationary acceptance: 0.00348396
symmetric acceptance: 0.00661352
branch length acceptance: 0.0107637
avgP: 0.254875 0.244744 0.161232 0.339148
sP: 8.64868e-05  9.3281e-05 8.91189e-05 0.000113713
avgS:   0.198607   0.186863  0.0621908  0.0154185   0.533185 0.00373523
sS: 9.70873e-05 0.000158022  6.9432e-05 2.11449e-05 0.000269608  6.6007e-06
0.254875 0.244744 0.161232 0.339148
  0.198607   0.186863  0.0621908  0.0154185   0.533185 0.00373523

 -0.878197   0.389617   0.366577   0.122003
  0.405745   -1.52651  0.0314991    1.08927
  0.579483  0.0478144   -0.63888  0.0115834
 0.0916868   0.786065 0.00550679  -0.883259

stationary acceptance: 0.0025081
symmetric acceptance: 0.00157904
branch length acceptance: 0.00298701
avgP: 0.253539 0.244282 0.162695 0.339484
sP: 7.81659e-05 7.20229e-05  8.5066e-05 0.000173688
avgS:   0.196884   0.185954  0.0625568  0.0170969    0.53428 0.00322769
sS: 0.000107802 0.000124733 9.17371e-05 2.06348e-05 0.000231007 3.39888e-06
0.253539 0.244282 0.162695 0.339484
  0.196884   0.185954  0.0625568  0.0170969    0.53428 0.00322769

 -0.878356   0.388272   0.366717   0.123367
  0.402986   -1.53155  0.0349941    1.09357
  0.571481  0.0525426  -0.633943 0.00991942
 0.0921351   0.786901 0.00475382   -0.88379

stationary acceptance: 5.34041e-09
symmetric acceptance: 7.47465e-09
branch length acceptance: 5.07192e-05
avgP: 0.253523 0.244372 0.162681 0.339424
sP: 7.88268e-05 7.13574e-05 8.43867e-05 0.000173145
avgS:   0.196822   0.186029   0.062595   0.017117   0.534199 0.00323711
sS: 0.000108656 0.000124985 9.16446e-05 2.07889e-05 0.000230927 3.42313e-06
0.253523 0.244372 0.162681 0.339424
  0.196822   0.186029   0.062595   0.017117   0.534199 0.00323711

 -0.878514   0.388175   0.366889    0.12345
   0.40271   -1.53073  0.0350225      1.093
  0.571762  0.0526093  -0.634321 0.00994928
 0.0922076    0.78692 0.00476854  -0.883896

stationary acceptance: 0.225913
symmetric acceptance: 0.221203
branch length acceptance: 0.489157
avgP: 0.253506 0.244349 0.162673 0.339472
sP: 7.93721e-05 7.15915e-05 8.54643e-05  0.00017363
avgS:  0.196914  0.185973 0.0625918 0.0171004  0.534182 0.0032383
sS: 0.000108441 0.000124373 9.17027e-05 2.07699e-05 0.000231411 3.39234e-06
0.253506 0.244349 0.162673 0.339472
 0.196914  0.185973 0.0625918 0.0171004  0.534182 0.0032383

 -0.878634   0.388382   0.366801   0.123452
  0.402937     -1.531  0.0349917    1.09307
  0.571616  0.0525607   -0.63413 0.00995343
 0.0921899   0.786784 0.00476962  -0.883744

stationary acceptance: 4.48247e-08
symmetric acceptance: 2.83304e-08
branch length acceptance: 0.00011607
avgP: 0.253538 0.244372 0.162658 0.339433
sP: 7.99769e-05 7.28895e-05 8.48198e-05 0.000173705
avgS:   0.196856   0.185933  0.0627063   0.017111   0.534164 0.00322969
sS: 0.000107748 0.000123213  9.1688e-05 2.06763e-05 0.000230185 3.36948e-06
0.253538 0.244372 0.162658 0.339433
  0.196856   0.185933  0.0627063   0.017111   0.534164 0.00322969

 -0.878557   0.388218   0.366676   0.123662
   0.40278   -1.53072  0.0350101    1.09293
  0.571547  0.0525981  -0.634073 0.00992789
 0.0923693   0.786849 0.00475749  -0.883975

stationary acceptance: 0.250477
symmetric acceptance: 0.276103
branch length acceptance: 0.564692
avgP:  0.25323 0.245962 0.159604 0.341205
sP: 0.000109355 6.42024e-05 7.37364e-05 0.000139302
avgS:   0.197408   0.184499  0.0626841  0.0145784   0.537289 0.00354172
sS: 0.000139151 0.000152505 5.54999e-05  1.2363e-05 0.000229251 6.86615e-06
 0.25323 0.245962 0.159604 0.341205
  0.197408   0.184499  0.0626841  0.0145784   0.537289 0.00354172

 -0.877842    0.38978   0.364292   0.123769
  0.401297   -1.52315  0.0296355    1.09222
  0.577992  0.0456708  -0.634758  0.0110954
 0.0918571   0.787341 0.00519002  -0.884388

stationary acceptance: 0.00130039
symmetric acceptance: 0.00219003
branch length acceptance: 0.00399646
avgP: 0.253181 0.245981  0.15961 0.341228
sP: 0.000108759 6.45827e-05 7.35285e-05 0.000139005
avgS:   0.197393   0.184475   0.062653  0.0146197   0.537316 0.00354294
sS: 0.000139662 0.000152027 5.53512e-05 1.25874e-05  0.00023028  6.8543e-06
0.253181 0.245981  0.15961 0.341228
  0.197393   0.184475   0.062653  0.0146197   0.537316 0.00354294

 -0.877872   0.389826   0.364315   0.123732
  0.401236   -1.52314  0.0297171    1.09219
  0.577894  0.0457983  -0.634791  0.0110987
 0.0918053   0.787328 0.00519145  -0.884325

stationary acceptance: 0.00394606
symmetric acceptance: 0.00557698
branch length acceptance: 0.0128929
avgP: 0.253179 0.245993 0.159589 0.341239
sP: 0.000108318 6.34295e-05 7.26633e-05 0.000138773
avgS:   0.197392   0.184601  0.0626674   0.014585   0.537217 0.00353694
sS: 0.000139109 0.000151003 5.52056e-05 1.23856e-05 0.000228503 6.78364e-06
0.253179 0.245993 0.159589 0.341239
  0.197392   0.184601  0.0626674   0.014585   0.537217 0.00353694

-0.878155  0.389827  0.364567  0.123761
 0.401214  -1.52279 0.0296452   1.09193
 0.578364 0.0456956 -0.635141 0.0110814
0.0918235  0.787158 0.0051825 -0.884164

stationary acceptance: 6.24396e-06
symmetric acceptance: 1.32938e-05
branch length acceptance: 0.000262268
avgP: 0.253133 0.246025 0.159643 0.341199
sP: 0.000109078 6.33737e-05  7.2388e-05 0.000138919
avgS:  0.197429    0.1845 0.0626718 0.0146083  0.537254 0.0035367
sS: 0.000137614 0.000151597 5.49036e-05 1.23604e-05 0.000226786  6.7931e-06
0.253133 0.246025 0.159643 0.341199
 0.197429    0.1845 0.0626718 0.0146083  0.537254 0.0035367

 -0.878197   0.389971   0.364433   0.123792
  0.401238    -1.5228  0.0296888    1.09187
   0.57785  0.0457531   -0.63468  0.0110769
 0.0918405   0.787303 0.00518274  -0.884326

stationary acceptance: 0.0101602
symmetric acceptance: 0.00682577
branch length acceptance: 0.0213686
avgP: 0.254587 0.245586 0.161933 0.337894
sP:  8.5417e-05 8.24704e-05 0.000101271 0.000170092
avgS:    0.20021   0.186674  0.0607097  0.0149996   0.532606 0.00460412
sS: 0.000164876 0.000222902 5.36959e-05 1.39058e-05 0.000305861 5.31608e-06
0.254587 0.245586 0.161933 0.337894
   0.20021   0.186674  0.0607097  0.0149996   0.532606 0.00460412

 -0.879057   0.393205   0.366621   0.119232
  0.407616   -1.52251  0.0305384    1.08436
  0.576391  0.0463141  -0.636921  0.0142161
 0.0898356   0.788126 0.00681297  -0.884775

stationary acceptance: 0.012588
symmetric acceptance: 0.00680395
branch length acceptance: 0.0176197
avgP: 0.254587 0.245626 0.161879 0.337908
sP:  8.4886e-05 8.22807e-05 0.000101615 0.000169956
avgS:   0.200187    0.18665  0.0606978  0.0150222   0.532632 0.00461301
sS: 0.000162993 0.000223176 5.40742e-05 1.38297e-05  0.00030358 5.37622e-06
0.254587 0.245626 0.161879 0.337908
  0.200187    0.18665  0.0606978  0.0150222   0.532632 0.00461301

 -0.878942    0.39316   0.366573   0.119208
  0.407505   -1.52232  0.0305796    1.08424
  0.576511  0.0463996  -0.637159  0.0142483
 0.0898141   0.788133 0.00682584  -0.884773

stationary acceptance: 0.249816
symmetric acceptance: 0.262958
branch length acceptance: 0.565946
avgP: 0.254717 0.245675  0.16182 0.337789
sP: 8.44756e-05 8.07643e-05 9.89271e-05 0.000167848
avgS:   0.200432   0.186686  0.0606624  0.0150005    0.53259 0.00462272
sS: 0.000120602 0.000218882 5.24307e-05 1.33897e-05 0.000296208 5.17458e-06
0.254717 0.245675  0.16182 0.337789
  0.200432   0.186686  0.0606624  0.0150005    0.53259 0.00462272

 -0.878978   0.393441   0.366459   0.119078
  0.407922   -1.52239  0.0305293    1.08393
  0.576835  0.0463496  -0.637468  0.0142835
 0.0897934   0.788349 0.00684262  -0.884985

stationary acceptance: 0.00441737
symmetric acceptance: 0.00575362
branch length acceptance: 0.0142033
avgP: 0.254706  0.24574 0.161722 0.337832
sP:  8.1805e-05 7.71472e-05 9.52766e-05  0.00016085
avgS:   0.200382    0.18672  0.0607073  0.0149874   0.532593 0.00460535
sS: 0.000114935 0.000204609 5.01942e-05 1.28271e-05 0.000278906 4.93388e-06
0.254706  0.24574 0.161722 0.337832
  0.200382    0.18672  0.0607073  0.0149874   0.532593 0.00460535

  -0.87907   0.393359    0.36654   0.119171
  0.407711   -1.52186  0.0304944    1.08365
  0.577288  0.0463369  -0.637863  0.0142385
 0.0898484   0.788252 0.00681603  -0.884916

stationary acceptance: 0.167632
symmetric acceptance: 0.173097
branch length acceptance: 0.358717
avgP: 0.251741 0.244712 0.162385 0.341162
sP: 6.88726e-05 6.08893e-05  8.5029e-05 0.000121209
avgS:    0.19844   0.188525  0.0596672  0.0156772   0.533488 0.00420339
sS: 0.000135933 0.000170463 5.74517e-05 2.17832e-05  0.00030194 5.42647e-06
0.251741 0.244712 0.162385 0.341162
   0.19844   0.188525  0.0596672  0.0156772   0.533488 0.00420339

-0.887084  0.394134  0.374441  0.118509
 0.405455  -1.52752 0.0320319   1.09003
 0.580487 0.0482717 -0.641701 0.0129427
0.0874472   0.78187 0.0061604 -0.875477

stationary acceptance: 0.00444118
symmetric acceptance: 0.00168044
branch length acceptance: 0.00969527
avgP: 0.251838 0.244666 0.162407 0.341089
sP: 6.82519e-05 6.08213e-05 8.37022e-05 0.000119161
avgS:   0.198472   0.188533  0.0596923  0.0156353   0.533454 0.00421244
sS: 0.000134556 0.000165304 5.53826e-05 2.10668e-05 0.000293073  5.3029e-06
0.251838 0.244666 0.162407 0.341089
  0.198472   0.188533  0.0596923  0.0156353   0.533454 0.00421244

 -0.886877   0.394048   0.374315   0.118513
  0.405599   -1.52772  0.0319523    1.09017
  0.580435  0.0481362   -0.64154  0.0129688
 0.0875024   0.781986 0.00617498  -0.875663

stationary acceptance: 0.0532271
symmetric acceptance: 0.0615511
branch length acceptance: 0.131328
avgP: 0.251884 0.244694 0.162353  0.34107
sP: 6.60765e-05  6.0136e-05 8.27882e-05  0.00011877
avgS:   0.198337   0.188628   0.059673  0.0156447   0.533534 0.00418268
sS: 0.000132998 0.000164507 5.54412e-05 2.11374e-05 0.000290961 5.32925e-06
0.251884 0.244694 0.162353  0.34107
  0.198337   0.188628   0.059673  0.0156447   0.533534 0.00418268

-0.886597  0.393708  0.374436  0.118453
 0.405277  -1.52745 0.0319678   1.09021
 0.580921  0.048181 -0.641983 0.0128814
0.0874792  0.782148 0.0061317 -0.875759

stationary acceptance: 0.0767808
symmetric acceptance: 0.0923097
branch length acceptance: 0.183671
avgP: 0.251806 0.244699 0.162392 0.341103
sP: 6.69131e-05 5.84762e-05 8.24623e-05 0.000117328
avgS:   0.198304   0.188627  0.0597493  0.0156239   0.533532 0.00416442
sS: 0.000132033 0.000165768 5.67633e-05 2.10289e-05 0.000293871 5.25446e-06
0.251806 0.244699 0.162392 0.341103
  0.198304   0.188627  0.0597493  0.0156239   0.533532 0.00416442

 -0.886952   0.393762   0.374548   0.118641
  0.405199    -1.5273  0.0319247    1.09018
  0.580779  0.0481056  -0.641706  0.0128221
 0.0875826   0.782069 0.00610435  -0.875756

stationary acceptance: 0.00278416
symmetric acceptance: 0.00442204
branch length acceptance: 0.00603174
avgP: 0.250835 0.237801 0.167824 0.343539
sP: 8.06552e-05 6.56083e-05  0.00011866 8.91464e-05
avgS:    0.18715   0.195256  0.0619806  0.0167838    0.53495 0.00387916
sS: 0.000214224 0.000159903 3.37845e-05 1.24206e-05 0.000117552  3.5919e-06
0.250835 0.237801 0.167824 0.343539
   0.18715   0.195256  0.0619806  0.0167838    0.53495 0.00387916

 -0.885815   0.373055   0.389212   0.123549
  0.393501   -1.55357  0.0352896    1.12478
  0.581727  0.0500041  -0.643288  0.0115572
 0.0902089   0.778586 0.00564587  -0.874441

stationary acceptance: 0.148518
symmetric acceptance: 0.148573
branch length acceptance: 0.318209
avgP: 0.250827 0.237844 0.167757 0.343572
sP: 7.97866e-05 6.55853e-05 0.000118194 8.81761e-05
avgS:   0.18723  0.195167 0.0620517  0.016768    0.5349 0.0038828
sS: 0.000213934 0.000160094 3.36775e-05 1.23487e-05  0.00011911  3.5623e-06
0.250827 0.237844 0.167757 0.343572
  0.18723  0.195167 0.0620517  0.016768    0.5349 0.0038828

 -0.885968   0.373226   0.389048   0.123694
  0.393599   -1.55333  0.0352501    1.12448
  0.581695   0.049977  -0.643245  0.0115727
 0.0903037   0.778439 0.00565063  -0.874393

stationary acceptance: 0.00373151
symmetric acceptance: 0.00679966
branch length acceptance: 0.0169753
avgP: 0.250874 0.237859 0.167728 0.343539
sP: 7.98344e-05    6.56e-05  0.00011907 8.87139e-05
avgS:   0.187083   0.195161  0.0620589  0.0167578   0.534865 0.00387558
sS: 0.000248086 0.000158807 3.36649e-05 1.23593e-05 0.000119551 3.56505e-06
0.250874 0.237859 0.167728 0.343539
  0.187083   0.195161  0.0620589  0.0167578   0.534865 0.00387558

  -0.88551   0.372863   0.388962   0.123685
  0.393266   -1.55283  0.0352265    1.12433
  0.581777  0.0499554  -0.643285  0.0115532
  0.090323   0.778463 0.00564067  -0.874427

stationary acceptance: 7.98362e-09
symmetric acceptance: 4.24159e-06
branch length acceptance: 0.000340989
avgP: 0.250784 0.237804 0.167781  0.34363
sP: 7.78874e-05 6.38943e-05 0.000115782  8.7439e-05
avgS:    0.18714   0.195206  0.0620501  0.0167877   0.534931 0.00388192
sS: 0.000207711 0.000156493 3.31157e-05  1.2077e-05 0.000115836 3.48596e-06
0.250784 0.237804 0.167781  0.34363
   0.18714   0.195206  0.0620501  0.0167877   0.534931 0.00388192

 -0.886013   0.373109   0.389192   0.123712
  0.393474    -1.5535  0.0352973    1.12473
  0.581728  0.0500286  -0.643325  0.0115684
  0.090286   0.778352 0.00564839  -0.874286

stationary acceptance: 0.00112983
symmetric acceptance: 0.00130919
branch length acceptance: 0.00536873
avgP: 0.252974 0.247104 0.161278 0.338645
sP: 7.67448e-05 9.69589e-05 9.58512e-05 0.000110873
avgS:   0.199875   0.186967  0.0589881  0.0150933   0.535582 0.00349534
sS: 8.63479e-05 0.000152711  4.9761e-05 1.14982e-05 0.000222835 7.94831e-06
0.252974 0.247104 0.161278 0.338645
  0.199875   0.186967  0.0589881  0.0150933   0.535582 0.00349534

 -0.881178   0.395051   0.369538   0.116589
  0.404435   -1.51869  0.0305405    1.08372
  0.579641   0.046793  -0.637271  0.0108364
 0.0870944   0.790773 0.00516077  -0.883028

stationary acceptance: 0.246939
symmetric acceptance: 0.268371
branch length acceptance: 0.566258
avgP: 0.252858 0.247092 0.161277 0.338773
sP: 7.73539e-05  9.7006e-05 9.49382e-05 0.000112177
avgS:   0.199946   0.186871  0.0589809  0.0150509   0.535657 0.00349379
sS: 8.56728e-05  0.00015198 4.92682e-05 1.15989e-05 0.000222613 7.97084e-06
0.252858 0.247092 0.161277 0.338773
  0.199946   0.186871  0.0589809  0.0150509   0.535657 0.00349379

 -0.881519   0.395372   0.369518   0.116629
  0.404599   -1.51898  0.0304561    1.08392
   0.57935  0.0466619  -0.636843  0.0108317
 0.0870508   0.790584 0.00515653  -0.882791

stationary acceptance: 0.0123679
symmetric acceptance: 0.00986922
branch length acceptance: 0.0248308
avgP: 0.252799 0.247181 0.161286 0.338734
sP: 7.66711e-05 9.75736e-05 9.24089e-05 0.000108591
avgS:   0.199979   0.186841  0.0590048   0.015034   0.535659 0.00348179
sS: 8.47081e-05 0.000146926 4.81133e-05 1.13457e-05 0.000215681  7.6565e-06
0.252799 0.247181 0.161286 0.338734
  0.199979   0.186841  0.0590048   0.015034   0.535659 0.00348179

 -0.881779    0.39553   0.369546   0.116703
  0.404519   -1.51847  0.0304109    1.08354
  0.579224  0.0466067  -0.636625  0.0107939
  0.087096   0.790677 0.00513942  -0.882913

stationary acceptance: 0.00269287
symmetric acceptance: 0.00175594
branch length acceptance: 0.00599793
avgP:   0.2528 0.247204 0.161311 0.338685
sP: 7.66989e-05  9.6308e-05 9.29592e-05 0.000109265
avgS:   0.199948   0.186838  0.0590099  0.0150592    0.53567 0.00347525
sS: 8.50633e-05 0.000148307 4.78941e-05 1.13783e-05 0.000219008 7.68948e-06
  0.2528 0.247204 0.161311 0.338685
  0.199948   0.186838  0.0590099  0.0150592    0.53567 0.00347525

-0.881714  0.395466  0.369536  0.116713
 0.404419  -1.51834  0.030459   1.08346
 0.579122 0.0466774 -0.636571 0.0107719
0.0871163   0.79081 0.0051305 -0.883056

stationary acceptance: 0.194793
symmetric acceptance: 0.218162
branch length acceptance: 0.47332
avgP: 0.251766  0.24345 0.162771 0.342012
sP: 8.41544e-05   7.319e-05 9.24343e-05 0.000116953
avgS:   0.197095   0.189307  0.0611405  0.0147346   0.532917 0.00460602
sS: 0.000164752 0.000143706 7.32688e-05 9.56148e-06 0.000298178 8.35946e-06
0.251766  0.24345 0.162771 0.342012
  0.197095   0.189307  0.0611405  0.0147346   0.532917 0.00460602

 -0.888805   0.391424   0.375958   0.121423
  0.404796   -1.52957   0.030262    1.09451
  0.581511  0.0452616  -0.640922  0.0141487
 0.0893834    0.77909 0.00673371  -0.875208

stationary acceptance: 0.0159139
symmetric acceptance: 0.0136015
branch length acceptance: 0.0355649
avgP: 0.251808 0.243426 0.162844 0.341923
sP: 8.46127e-05 7.38726e-05 9.14731e-05 0.000117005
avgS:  0.197312  0.189416 0.0611494 0.0147272  0.532786 0.0046082
sS: 0.000124061 0.000141988 7.24291e-05 9.55783e-06 0.000293325 8.34441e-06
0.251808 0.243426 0.162844 0.341923
 0.197312  0.189416 0.0611494 0.0147272  0.532786 0.0046082

 -0.889324   0.391791   0.376112   0.121421
  0.405281   -1.52988  0.0302498    1.09435
  0.581588  0.0452189  -0.640957  0.0141492
   0.08942   0.779103 0.00673867  -0.875262

stationary acceptance: 0.0067181
symmetric acceptance: 0.00749936
branch length acceptance: 0.0189951
avgP: 0.251778 0.243468 0.162787 0.341967
sP: 8.37971e-05 7.34434e-05 9.11986e-05 0.000118078
avgS:   0.197113   0.189319  0.0610809  0.0147339   0.532947 0.00460503
sS: 0.000162918  0.00014246 7.16933e-05 9.47761e-06 0.000292284 8.24212e-06
0.251778 0.243468 0.162787 0.341967
  0.197113   0.189319  0.0610809  0.0147339   0.532947 0.00460503

 -0.888705   0.391442   0.375963   0.121299
  0.404804   -1.52955  0.0302584    1.09449
  0.581492  0.0452551  -0.640891  0.0141443
 0.0893082   0.779237 0.00673314  -0.875278

stationary acceptance: 0.0416789
symmetric acceptance: 0.0536908
branch length acceptance: 0.110538
avgP: 0.251687 0.243346 0.162874 0.342093
sP:  8.3111e-05 7.25446e-05 9.13847e-05  0.00011678
avgS:   0.197313   0.189367  0.0611012  0.0147513   0.532854 0.00461115
sS: 0.000122404 0.000140902 7.15161e-05 9.36521e-06 0.000287876 8.24076e-06
0.251687 0.243346 0.162874 0.342093
  0.197313   0.189367  0.0611012  0.0147513   0.532854 0.00461115

 -0.889557    0.39198   0.376195   0.121383
  0.405416   -1.53057  0.0303093    1.09485
  0.581329  0.0452843  -0.640769  0.0141556
  0.089305   0.778816 0.00673962   -0.87486

stationary acceptance: 0.000436511
symmetric acceptance: 2.53497e-06
branch length acceptance: 0.000991992
avgP: 0.251975 0.247875 0.159511 0.340638
sP:  0.00010514 0.000103287 7.08316e-05 0.000139342
avgS:   0.198911   0.184434   0.059715   0.015094   0.538076 0.00375862
sS:  0.00014914 0.000131878 6.32837e-05 1.18176e-05 0.000284456 6.18034e-06
0.251975 0.247875 0.159511 0.340638
  0.198911   0.184434   0.059715   0.015094   0.538076 0.00375862

 -0.879176   0.394705   0.365977   0.118494
  0.401232   -1.51705  0.0304467    1.08538
  0.578123  0.0473131  -0.637217  0.0117817
 0.0876517   0.789805 0.00551702  -0.882974

stationary acceptance: 0.000993265
symmetric acceptance: 0.000144698
branch length acceptance: 0.00196867
avgP: 0.252103 0.247632 0.159844 0.340421
sP:  0.00010325 0.000101355 7.45012e-05 0.000137947
avgS:   0.198775   0.184407  0.0595773  0.0150713   0.538386 0.00377298
sS: 0.000147783 0.000127796 6.15026e-05 1.16643e-05 0.000277543  5.9437e-06
0.252103 0.247632 0.159844 0.340421
  0.198775   0.184407  0.0595773  0.0150713   0.538386 0.00377298

 -0.878133   0.394235   0.365738   0.118161
  0.401352   -1.51885  0.0304309    1.08707
  0.576833  0.0471437  -0.635779   0.011802
 0.0875054   0.790765 0.00554163  -0.883812

stationary acceptance: 0.110892
symmetric acceptance: 0.114618
branch length acceptance: 0.258251
avgP: 0.252127 0.247609 0.159849 0.340414
sP: 0.000102843 9.88971e-05 7.32008e-05 0.000136808
avgS:   0.198834    0.18439  0.0596365  0.0150967   0.538255 0.00377807
sS: 0.000148808 0.000126702 6.21632e-05 1.16606e-05 0.000276652 5.94127e-06
0.252127 0.247609 0.159849 0.340414
  0.198834    0.18439  0.0596365  0.0150967   0.538255 0.00377807

 -0.878246   0.394312   0.365668   0.118267
  0.401507    -1.5189   0.030485    1.08691
  0.576761  0.0472217    -0.6358  0.0118176
  0.087594   0.790588 0.00554922  -0.883731

stationary acceptance: 0.151073
symmetric acceptance: 0.166689
branch length acceptance: 0.350696
avgP: 0.252164  0.24757 0.159846  0.34042
sP: 0.000101509 9.83388e-05 7.30137e-05 0.000136064
avgS:   0.198698   0.184383  0.0595835  0.0150814   0.538262 0.00378543
sS: 0.000186553 0.000126812 6.11282e-05 1.15712e-05  0.00027401 5.92454e-06
0.252164  0.24757 0.159846  0.34042
  0.198698   0.184383  0.0595835  0.0150814   0.538262 0.00378543

 -0.877731   0.393986   0.365601   0.118145
  0.401295   -1.51884  0.0304588    1.08709
  0.576751  0.0471747  -0.635766  0.0118409
 0.0875147   0.790585 0.00555993  -0.883659

GTR Distance Matrix:

        0  0.269336  0.279091  0.266716  0.273228  0.276879  0.251081   0.25338  0.254057  0.274621  0.258376  0.256127  0.286581
 0.269336         0  0.196256  0.159826  0.175039  0.169465  0.227865  0.232554  0.243744  0.236549  0.251394   0.25227  0.285101
 0.279091  0.196256         0  0.164748  0.159255  0.175485  0.238368  0.251295  0.241057  0.279418  0.271101  0.264566  0.287397
 0.266716  0.159826  0.164748         0  0.115921  0.118012  0.224375    0.2438  0.223782    0.2392  0.221085  0.218487  0.256494
 0.273228  0.175039  0.159255  0.115921         0 0.0774982  0.218911  0.224813  0.230932  0.221034  0.219008  0.217518  0.258447
 0.276879  0.169465  0.175485  0.118012 0.0774982         0  0.222104  0.220095  0.231425  0.234943  0.220059   0.23302  0.273194
 0.251081  0.227865  0.238368  0.224375  0.218911  0.222104         0  0.231401  0.216905  0.230622  0.222406  0.233238   0.25525
  0.25338  0.232554  0.251295    0.2438  0.224813  0.220095  0.231401         0  0.229049  0.224099  0.211342  0.212737  0.232603
 0.254057  0.243744  0.241057  0.223782  0.230932  0.231425  0.216905  0.229049         0  0.182747  0.153741  0.160211  0.223965
 0.274621  0.236549  0.279418    0.2392  0.221034  0.234943  0.230622  0.224099  0.182747         0  0.102258  0.160476  0.220409
 0.258376  0.251394  0.271101  0.221085  0.219008  0.220059  0.222406  0.211342  0.153741  0.102258         0  0.152333  0.217091
 0.256127   0.25227  0.264566  0.218487  0.217518   0.23302  0.233238  0.212737  0.160211  0.160476  0.152333         0  0.221618
 0.286581  0.285101  0.287397  0.256494  0.258447  0.273194   0.25525  0.232603  0.223965  0.220409  0.217091  0.221618         0

meanTree = (1:0.139602,((2:0.09023,(3:0.0956455,(4:0.0575741,(5:0.0361346,6:0.0415827):0.0205683):0.0115813):0.00718282):0.0320404,7:0.104846):0.00551868,(8:0.103812,((9:0.0804026,((10:0.0559945,11:0.0463234):0.0282974,12:0.0759712):0.00478294):0.0154138,13:0.122639):0.0101661):0.00672761);
(1,(((2,(3,(4,(5,6)))),7),((9,((10,11),12)),13)),8); 0.0388171
(1,((2,(3,(4,(5,6)))),7),(8,(((9,12),(10,11)),13))); 0.0416194
(1,((2,(3,(4,(5,6)))),8),(7,((9,12),((10,11),13)))); 0.0391146
(1,((2,(3,(4,(5,6)))),7),(8,(((9,(10,11)),12),13))); 0.0322479
(1,(((2,(4,(5,6))),3),7),(8,(((9,12),(10,11)),13))); 0.0423202
(1,(((2,(4,(5,6))),3),(8,((9,((10,11),12)),13))),7); 0.0376982
(1,(((2,(4,(5,6))),3),7),((8,13),(9,((10,11),12)))); 0.0296003
(1,(((2,(3,(4,(5,6)))),7),8),(((9,12),(10,11)),13)); 0.0272558
(1,(((2,4),(3,(5,6))),(7,((9,((10,11),12)),13))),8); 0.0460762
(1,(((2,3),(4,(5,6))),(8,((9,((10,11),12)),13))),7); 0.0295445
(1,(((2,(3,(4,(5,6)))),8),(((9,12),(10,11)),13)),7); 0.0437626
(1,((2,((3,4),(5,6))),((8,13),(9,((10,11),12)))),7); 0.0378702
(1,(((2,(3,(4,(5,6)))),8),((9,((10,11),12)),13)),7); 0.04833
(1,((((2,3),(4,(5,6))),7),(((9,12),(10,11)),13)),8); 0.0413871
(1,((2,(3,(4,(5,6)))),((8,13),((9,12),(10,11)))),7); 0.0372474
(1,((((2,3),(4,(5,6))),7),(((9,12),(10,11)),13)),8); 0.0318906
(1,(((2,3),(4,(5,6))),((8,13),(9,((10,11),12)))),7); 0.037645
(1,((2,(3,(4,(5,6)))),((8,13),(9,((10,11),12)))),7); 0.0384217
(1,((2,((3,4),(5,6))),(7,((9,((10,11),12)),13))),8); 0.0312095
(1,((2,(3,(4,(5,6)))),7),((8,13),(9,((10,11),12)))); 0.0509619
(1,(((2,(3,(4,(5,6)))),7),((9,((10,11),12)),13)),8); 0.0342924
(1,(2,(3,(4,(5,6)))),(7,((8,13),(9,((10,11),12))))); 0.0365579
(1,((2,(3,(4,(5,6)))),(8,(((9,12),(10,11)),13))),7); 0.0459309
(1,(((2,3),(4,(5,6))),(8,((9,((10,11),12)),13))),7); 0.0395816
(1,(((((2,3),(4,(5,6))),8),13),((9,12),(10,11))),7); 0.0347014
(1,((2,(3,(4,(5,6)))),7),(8,((9,((10,11),12)),13))); 0.0359152
(1,((2,(3,(4,(5,6)))),7),(8,((9,((10,11),12)),13))); 0.0316226
(1,((2,(3,(4,(5,6)))),7),(8,(((9,12),(10,11)),13))); 0.0356586
(1,((2,(3,(4,(5,6)))),7),((8,13),(9,((10,11),12)))); 0.0403109
(1,((2,(3,(4,(5,6)))),(8,(((9,(10,11)),12),13))),7); 0.04056
(1,((2,(3,(4,(5,6)))),7),(8,((9,((10,11),12)),13))); 0.0339755
(1,(((2,3),(4,(5,6))),7),(8,(((9,12),(10,11)),13))); 0.0274978
(1,((2,(3,(4,(5,6)))),((8,13),(9,((10,11),12)))),7); 0.0381326
(1,(((2,(3,(4,(5,6)))),(8,13)),7),(9,((10,11),12))); 0.0405523
(1,(2,(3,(4,(5,6)))),(7,(8,((9,((10,11),12)),13)))); 0.0334639
(1,(((2,(4,(5,6))),3),7),(8,(((9,12),(10,11)),13))); 0.0229195
(1,(((2,(3,(4,(5,6)))),7),(((9,12),(10,11)),13)),8); 0.0227301
(1,((2,(3,(4,(5,6)))),7),((8,13),(9,((10,11),12)))); 0.0298577
(1,(((2,(3,(4,(5,6)))),7),((9,((10,11),12)),13)),8); 0.0315238
(1,(((2,((3,4),(5,6))),8),((9,((10,11),12)),13)),7); 0.0370183
(1,(((2,(4,(5,6))),3),7),(8,(((9,12),(10,11)),13))); 0.0324332
(1,((2,((3,4),(5,6))),7),(8,((9,((10,11),12)),13))); 0.0321964
(1,((2,(3,(4,(5,6)))),(8,((9,((10,11),12)),13))),7); 0.0269625
(1,((2,(3,(4,(5,6)))),7),((8,13),(9,((10,11),12)))); 0.031924
(1,(((2,(4,(5,6))),3),(8,((9,((10,11),12)),13))),7); 0.0403433
(1,(2,(3,(4,(5,6)))),(7,(8,((9,((10,11),12)),13)))); 0.0387132
(1,((2,(3,(4,(5,6)))),7),(8,(((9,12),(10,11)),13))); 0.0421272
(1,((2,(3,(4,(5,6)))),7),(8,(((9,12),(10,11)),13))); 0.0312291
(1,(((2,3),(4,(5,6))),7),(8,((9,13),((10,11),12)))); 0.0334003
(1,((2,((3,4),(5,6))),(8,((9,((10,11),12)),13))),7); 0.0375009
(1,(((2,((3,4),(5,6))),7),((9,((10,11),12)),13)),8); 0.0475384
(1,(((2,(4,(5,6))),3),7),((8,13),((9,12),(10,11)))); 0.0359684
(1,((2,(3,(4,(5,6)))),8),(7,((9,((10,11),12)),13))); 0.0417423
(1,(2,((3,4),(5,6))),(7,((8,13),(9,((10,11),12))))); 0.0424915
(1,(((2,3),(4,(5,6))),8),(7,((9,((10,11),12)),13))); 0.0372264
(1,(((2,(4,(5,6))),3),(7,(9,((10,11),12)))),(8,13)); 0.0478995
(1,(((2,3),(4,(5,6))),(7,((9,((10,11),12)),13))),8); 0.0368031
(1,((2,((3,4),(5,6))),7),(8,((9,((10,11),12)),13))); 0.0475614
(1,((2,(3,(4,(5,6)))),7),(8,(((9,12),(10,11)),13))); 0.0385919
(1,((2,(3,(4,(5,6)))),7),(8,((9,((10,11),12)),13))); 0.0213141
(1,(((2,(3,(4,(5,6)))),8),7),((9,((10,11),12)),13)); 0.0440547
(1,((2,(3,(4,(5,6)))),((8,13),((9,12),(10,11)))),7); 0.0377471
(1,((2,(3,(4,(5,6)))),8),(7,((9,((10,11),12)),13))); 0.0329546
(1,((((2,(3,(4,(5,6)))),7),8),(9,((10,11),12))),13); 0.0301483
(1,(2,(3,(4,(5,6)))),(7,(8,((9,((10,11),12)),13)))); 0.0319024
(1,((2,(3,(4,(5,6)))),7),(8,((9,((10,11),12)),13))); 0.0241815
(1,((2,(3,(4,(5,6)))),8),(7,(((9,12),(10,11)),13))); 0.0320228
(1,(((2,(3,(4,(5,6)))),7),(8,13)),(9,((10,11),12))); 0.0303848
(1,((2,(3,(4,(5,6)))),7),(8,(((9,(10,11)),12),13))); 0.0235827
(1,((2,(3,(4,(5,6)))),7),((8,13),(9,((10,11),12)))); 0.0389752
(1,(((2,(4,(5,6))),3),7),(8,((9,((10,11),12)),13))); 0.0393795
(1,((2,(3,(4,(5,6)))),7),((8,13),(9,((10,11),12)))); 0.040915
(1,((2,(3,(4,(5,6)))),7),(8,(((9,12),(10,11)),13))); 0.0294056
(1,(((((2,(4,(5,6))),3),7),(9,((10,11),12))),13),8); 0.0339072
(1,(((2,(3,(4,(5,6)))),7),(((9,12),(10,11)),13)),8); 0.0402826
(1,(((((2,3),(4,(5,6))),7),(9,((10,11),12))),13),8); 0.0326964
(1,((((2,(4,(5,6))),3),7),((9,((10,11),12)),13)),8); 0.0316003
(1,((2,(3,(4,(5,6)))),7),(8,(((9,12),(10,11)),13))); 0.0348481
(1,(((2,(4,(5,6))),3),7),((8,13),(9,((10,11),12)))); 0.0488984
(1,(((2,(3,(4,(5,6)))),7),((9,((10,11),12)),13)),8); 0.03586
(1,(((2,(3,(4,(5,6)))),8),((9,((10,11),12)),13)),7); 0.028724
(1,((2,(3,(4,(5,6)))),7),(8,((9,((10,11),12)),13))); 0.030344
(1,(((2,(4,(5,6))),3),7),(8,((9,((10,11),12)),13))); 0.0240084
(1,(2,(3,(4,(5,6)))),((7,(((9,12),(10,11)),13)),8)); 0.0315183
(1,(((2,(3,(4,(5,6)))),8),((9,((10,11),12)),13)),7); 0.0352936
(1,(((2,(3,(4,(5,6)))),7),8),(((9,12),(10,11)),13)); 0.0281356
(1,(2,(3,(4,(5,6)))),((7,((9,((10,11),12)),13)),8)); 0.0345903
(1,(((2,(3,(4,(5,6)))),7),((9,((10,11),12)),13)),8); 0.0368037
(1,((2,(3,(4,(5,6)))),(8,(((9,12),(10,11)),13))),7); 0.0362909
(1,(((2,(4,(5,6))),3),7),((8,13),(9,((10,11),12)))); 0.0381779
(1,((2,(3,(4,(5,6)))),7),(8,((9,((10,11),12)),13))); 0.0260733
(1,(((2,3),(4,(5,6))),(8,((9,((10,11),12)),13))),7); 0.0357255
(1,(2,(3,(4,(5,6)))),((7,((9,((10,11),12)),13)),8)); 0.0391209
(1,(((2,(3,(4,(5,6)))),7),8),(((9,12),(10,11)),13)); 0.037565
(1,((2,(4,(5,6))),3),(7,(8,((9,((10,11),12)),13)))); 0.0465074
(1,((2,(3,(4,(5,6)))),(8,(((9,12),(10,11)),13))),7); 0.0398033
(1,((2,(3,(4,(5,6)))),((8,13),(9,((10,11),12)))),7); 0.0482217
(1,(((2,(4,(5,6))),3),(8,((9,((10,11),12)),13))),7); 0.0365366
(1,(((2,(3,(4,(5,6)))),8),(((9,12),(10,11)),13)),7); 0.0266518
(1,(((2,3),(4,(5,6))),7),(8,((9,((10,11),12)),13))); 0.0345118
(1,(((2,(3,(4,(5,6)))),7),8),((9,((10,11),12)),13)); 0.0389784
(1,((2,(3,(4,(5,6)))),(8,((9,((10,11),12)),13))),7); 0.0547126
(1,(2,(3,(4,(5,6)))),(7,((8,13),(9,((10,11),12))))); 0.0293889
(1,((2,(3,(4,(5,6)))),(7,((9,((10,11),12)),13))),8); 0.0449916
(1,((2,(3,(4,(5,6)))),7),(8,((9,((10,11),12)),13))); 0.0326679
(1,(((2,(3,(4,(5,6)))),7),((9,((10,11),12)),13)),8); 0.0294608
(1,((2,(3,(4,(5,6)))),7),((8,13),(9,((10,11),12)))); 0.0430429
(1,((2,(3,(4,(5,6)))),((8,13),(9,((10,11),12)))),7); 0.0418059
(1,(2,(3,(4,(5,6)))),(7,(8,((9,((10,11),12)),13)))); 0.0343216
(1,(((2,3),(4,(5,6))),7),(8,((9,((10,11),12)),13))); 0.0298634
(1,(((2,(4,(5,6))),3),(8,(((9,12),(10,11)),13))),7); 0.0305261
(1,(((2,3),(4,(5,6))),7),((8,13),((9,(10,11)),12))); 0.0408598
(1,((2,(3,(4,(5,6)))),(8,(((9,12),(10,11)),13))),7); 0.0285721
(1,(((2,(3,(4,(5,6)))),7),(((9,12),(10,11)),13)),8); 0.0322898
(1,(((2,(3,(4,(5,6)))),7),8),(9,(((10,11),12),13))); 0.0420541
(1,((2,(3,(4,(5,6)))),7),(8,((9,((10,11),12)),13))); 0.0306305
(1,(((2,(3,(4,(5,6)))),7),((9,((10,11),12)),13)),8); 0.035275
(1,((2,(3,(4,(5,6)))),7),(8,((9,((10,11),12)),13))); 0.0405044
(1,((2,(3,(4,(5,6)))),(8,(((9,12),(10,11)),13))),7); 0.0302604
(1,(((2,(3,(4,(5,6)))),7),((9,((10,11),12)),13)),8); 0.0320068
(1,(((2,(3,(4,(5,6)))),7),((9,12),(10,11))),(8,13)); 0.0358169
(1,((2,(3,(4,(5,6)))),((8,13),((9,12),(10,11)))),7); 0.0405363
(1,(((2,(3,(4,(5,6)))),7),8),(((9,(10,11)),12),13)); 0.0468512
(1,(((2,(3,(4,(5,6)))),7),((9,((10,11),12)),13)),8); 0.0329498
(1,((2,(3,(4,(5,6)))),7),(8,((9,((10,11),12)),13))); 0.039579
(1,((2,(3,(4,(5,6)))),(8,(((9,12),(10,11)),13))),7); 0.0276531
(1,(((2,(4,(5,6))),3),7),(8,(((9,12),(10,11)),13))); 0.0389459
(1,((2,(3,(4,(5,6)))),7),(8,(((9,12),(10,11)),13))); 0.0403712
(1,((2,(3,(4,(5,6)))),(8,((9,((10,11),12)),13))),7); 0.0296808
(1,((2,(3,(4,(5,6)))),8),(7,((9,((10,11),12)),13))); 0.0384619
(1,((((2,3),(4,(5,6))),8),((9,((10,11),12)),13)),7); 0.031996
(1,((2,(3,(4,(5,6)))),(8,(((9,12),(10,11)),13))),7); 0.0286717
(1,((2,(3,(4,(5,6)))),7),((8,13),(9,((10,11),12)))); 0.0487984
(1,((2,(3,(4,(5,6)))),8),(7,((9,((10,11),12)),13))); 0.0334391
(1,(((2,(4,(5,6))),3),((8,13),(9,((10,11),12)))),7); 0.0361865
(1,((2,(3,(4,(5,6)))),(8,((9,((10,11),12)),13))),7); 0.0347953
(1,((2,(3,(4,(5,6)))),7),(8,(((9,12),(10,11)),13))); 0.0301952
(1,((2,(4,(5,6))),3),(7,((8,13),(9,((10,11),12))))); 0.034794
(1,((2,(3,(4,(5,6)))),(8,(((9,12),(10,11)),13))),7); 0.0486535
(1,((((2,(4,(5,6))),3),7),((9,((10,11),12)),13)),8); 0.0314992
(1,((2,(3,(4,(5,6)))),7),(8,(((9,12),(10,11)),13))); 0.0363467
(1,(((2,(4,(5,6))),3),7),(8,(((9,12),(10,11)),13))); 0.0290849
(1,(((2,(3,(4,(5,6)))),8),((9,((10,11),12)),13)),7); 0.0314999
(1,((2,(3,(4,(5,6)))),7),((8,13),(9,((10,11),12)))); 0.0369544
(1,((2,(3,(4,(5,6)))),7),((8,13),(9,((10,11),12)))); 0.0394096
(1,((2,(3,(4,(5,6)))),(8,(((9,12),(10,11)),13))),7); 0.0345309
(1,((((2,(4,(5,6))),3),8),((9,((10,11),12)),13)),7); 0.0295065
(1,((2,(3,(4,(5,6)))),(8,((9,((10,11),12)),13))),7); 0.0258688
(1,(((2,(4,(5,6))),3),7),(8,((9,((10,11),12)),13))); 0.0367248
(1,(((2,(4,(5,6))),3),7),(8,((9,((10,11),12)),13))); 0.0382795
(1,((2,(3,(4,(5,6)))),7),(8,((9,((10,11),12)),13))); 0.0584045
(1,(((2,(3,(4,(5,6)))),8),((9,((10,11),12)),13)),7); 0.0322237
(1,((2,(3,(4,(5,6)))),8),(7,((9,((10,11),12)),13))); 0.0418947
(1,((2,(3,(4,(5,6)))),((8,13),((9,12),(10,11)))),7); 0.0353461
(1,((2,(3,(4,(5,6)))),7),(8,(((9,12),(10,11)),13))); 0.0444372
(1,(((2,(3,(4,(5,6)))),7),(((9,(10,11)),12),13)),8); 0.0348111
(1,((2,((3,4),(5,6))),(8,(((9,12),(10,11)),13))),7); 0.0305058
(1,((2,(3,(4,(5,6)))),7),((8,13),(9,((10,11),12)))); 0.0384314
(1,(2,(3,(4,(5,6)))),(7,(8,(((9,12),(10,11)),13)))); 0.0399608
(1,((2,(3,(4,(5,6)))),(8,((9,((10,11),12)),13))),7); 0.0417004
(1,((2,(3,(4,(5,6)))),7),(8,((9,((10,11),12)),13))); 0.0358157
(1,(((2,(4,(5,6))),3),7),(8,((9,((10,11),12)),13))); 0.0277679
(1,(2,(3,(4,(5,6)))),(7,(8,((9,((10,11),12)),13)))); 0.0414909
(1,(((2,(4,(5,6))),3),7),(8,((9,((10,11),12)),13))); 0.0436639
