Pi: 0.252043 0.244295 0.162556 0.341106
S:   0.196608    0.18844  0.0601824  0.0154457   0.535309 0.00401188
