Pi: 0.237264 0.242156  0.19446  0.32612
S:  0.0464827   0.287059  0.0622265  0.0158726   0.578894 0.00946521
